1,5000,0,0,0,0,0,0,0,0,25000000,25
2,5000,0,1,0,0,0,0,0,0,25000000,25
3,5000,0,2,0,0,0,0,0,0,25000000,25
4,5000,0,3,0,0,0,0,0,0,25000000,25
5,5000,0,4,0,0,0,0,0,0,25000000,25
6,5000,0,5,0,0,0,0,0,0,25000000,25
7,5000,0,6,0,0,0,0,0,0,25000000,25
8,5000,0,7,0,0,0,0,0,0,25000000,25
9,5000,0,8,0,0,0,0,0,0,25000000,25
10,5000,0,9,0,0,0,0,0,0,25000000,25
11,5000,0,10,0,0,0,0,0,0,25000000,25
12,5000,0,11,0,0,0,0,0,0,25000000,25
13,5000,0,12,0,0,0,0,0,0,25000000,25
14,5000,0,13,0,0,0,0,0,0,25000000,25
15,5000,0,14,75,0,0,3.69,0,0,25000000,25
16,5000,0,15,100,50,0,9.855,36.395,0,25000000,25
17,5000,0,16,0,0,0,0,50,0,25000000,25
18,5000,0,17,0,0,0,0,36.35,0,25000000,25
19,5000,0,18,0,0,0,0,31.93,0,25000000,25
20,5000,0,19,100,50,0,3.53,46.51,0,25000000,25
21,5000,0,20,0,0,3.415,0,24.895,0,25000000,25
22,5000,0,21,0,0,0,0,0,0,25000000,25
23,5000,0,22,125,100,2.415,2.045,30.455,0,25000000,25
24,5000,0,23,100,50,0,3.23,39.75,0,25000000,25
25,5000,0,24,100,50,0,6.76,42.32,0,25000000,25
26,5000,0,25,125,75,4.795,7.02,26.265,0,25000000,25
27,5000,0,26,0,0,0.565,0,0,0,25000000,25
28,5000,0,27,0,0,0,0,0,0,25000000,25
29,5000,0,28,0,0,0,0,0,0,25000000,25
30,5000,0,29,0,0,0,0,0,0,25000000,25
31,5000,0,30,0,0,3.35,0,26.005,0,25000000,25
32,5000,0,31,0,0,8.485,0,23.215,0,25000000,25
33,5000,0,32,0,0,0.02,0,0,0,25000000,25
34,5000,0,33,0,0,0,0,0,0,25000000,25
35,5000,0,34,0,0,0,0,0,0,25000000,25
36,5000,0,35,0,0,0,0,0,0,25000000,25
37,5000,0,36,0,0,0,0,0,0,25000000,25
38,5000,0,37,0,0,0,0,0,0,25000000,25
39,5000,0,38,0,0,0,0,0,0,25000000,25
40,5000,1,0,0,0,0,0,0,0,25000000,25
41,5000,1,1,0,0,0,0,0,0,25000000,25
42,5000,1,2,0,0,0,0,0,0,25000000,25
43,5000,1,3,0,0,0,0,0,0,25000000,25
44,5000,1,4,0,0,0,0,0,0,25000000,25
45,5000,1,5,0,0,0,0,0,0,25000000,25
46,5000,1,6,0,0,0,0,0,0,25000000,25
47,5000,1,7,0,0,0,0,0,0,25000000,25
48,5000,1,8,0,0,0,0,0,0,25000000,25
49,5000,1,9,0,0,0,0,0,0,25000000,25
50,5000,1,10,0,0,0,0,0,0,25000000,25
51,5000,1,11,0,0,0,0,0,0,25000000,25
52,5000,1,12,0,0,0,0,0,0,25000000,25
53,5000,1,13,0,0,0,2.605,0,0,25000000,25
54,5000,1,14,75,0,0,15.56,0,0,25000000,25
55,5000,1,15,100,50,0,2.51,45.485,0,25000000,25
56,5000,1,16,0,0,0,0,50,0,25000000,25
57,5000,1,17,0,0,0,0,24.86,0,25000000,25
58,5000,1,18,0,0,0,0,0.3,0,25000000,25
59,5000,1,19,100,50,0,2.815,35.965,0,25000000,25
60,5000,1,20,0,0,7.335,0,20.01,0,25000000,25
61,5000,1,21,0,0,0,0,0,0,25000000,25
62,5000,1,22,125,125,3.74,5.41,20.42,0,25000000,25
63,5000,1,23,100,50,0,2.55,43.665,0,25000000,25
64,5000,1,24,125,100,0.29,8.155,32.22,0,25000000,25
65,5000,1,25,125,125,3.515,1.19,5.97,0,25000000,25
66,5000,1,26,0,0,0,0,0,0,25000000,25
67,5000,1,27,0,0,0,0,0,0,25000000,25
68,5000,1,28,0,0,0,0,0,0,25000000,25
69,5000,1,29,0,0,0,0,0,0,25000000,25
70,5000,1,30,0,0,2.29,0,16.6,0,25000000,25
71,5000,1,31,0,0,9.33,0,10.025,0,25000000,25
72,5000,1,32,0,0,0,0,0,0,25000000,25
73,5000,1,33,0,0,0,0,0,0,25000000,25
74,5000,1,34,0,0,0,0,0,0,25000000,25
75,5000,1,35,0,0,0,0,0,0,25000000,25
76,5000,1,36,0,0,0,0,0,0,25000000,25
77,5000,1,37,0,0,0,0,0,0,25000000,25
78,5000,1,38,0,0,0,0,0,0,25000000,25
79,5000,2,0,0,0,0,0,0,0,25000000,25
80,5000,2,1,0,0,0,0,0,0,25000000,25
81,5000,2,2,0,0,0,0,0,0,25000000,25
82,5000,2,3,0,0,0,0,0,0,25000000,25
83,5000,2,4,0,0,0,0,0,0,25000000,25
84,5000,2,5,0,0,0,0,0,0,25000000,25
85,5000,2,6,0,0,0,0,0,0,25000000,25
86,5000,2,7,0,0,0,0,0,0,25000000,25
87,5000,2,8,0,0,0,0,0,0,25000000,25
88,5000,2,9,0,0,0,0,0,0,25000000,25
89,5000,2,10,0,0,0,0,0,0,25000000,25
90,5000,2,11,0,0,0,0,0,0,25000000,25
91,5000,2,12,0,0,0,0,0,0,25000000,25
92,5000,2,13,25,0,0,5.515,0,0,25000000,25
93,5000,2,14,75,0,0,12.6,0,0,25000000,25
94,5000,2,15,100,50,0,0.435,47.83,0,25000000,25
95,5000,2,16,0,0,0,0,49.64,0,25000000,25
96,5000,2,17,0,0,0,0,8.26,0,25000000,25
97,5000,2,18,0,0,0,0,0,0,25000000,25
98,5000,2,19,100,50,0,2.095,32.165,0,25000000,25
99,5000,2,20,0,0,4.43,0,18.205,0,25000000,25
100,5000,2,21,0,0,0,0,0,0,25000000,25
101,5000,2,22,125,125,3.23,2.62,7.315,0,25000000,25
102,5000,2,23,125,75,0.16,6.765,37.59,0,25000000,25
103,5000,2,24,125,75,6.68,7.6,9.155,0,25000000,25
104,5000,2,25,0,0,0,0,0,0,25000000,25
105,5000,2,26,0,0,0,0,0,0,25000000,25
106,5000,2,27,0,0,0,0,0,0,25000000,25
107,5000,2,28,0,0,0,0,0,0,25000000,25
108,5000,2,29,100,50,2.285,0,9.195,0,25000000,25
109,5000,2,30,100,50,4.205,0,17.66,0,25000000,25
110,5000,2,31,100,50,7.18,0,4.91,0,25000000,25
111,5000,2,32,0,0,0,0,0,0,25000000,25
112,5000,2,33,0,0,0,0,0,0,25000000,25
113,5000,2,34,0,0,0,0,0,0,25000000,25
114,5000,2,35,0,0,0,0,0,0,25000000,25
115,5000,2,36,0,0,0,0,0,0,25000000,25
116,5000,2,37,0,0,0,0,0,0,25000000,25
117,5000,2,38,0,0,0,0,0,0,25000000,25
118,5000,3,0,0,0,0,0,0,0,25000000,25
119,5000,3,1,0,0,0,0,0,0,25000000,25
120,5000,3,2,0,0,0,0,0,0,25000000,25
121,5000,3,3,0,0,0,0,0,0,25000000,25
122,5000,3,4,0,0,0,0,0,0,25000000,25
123,5000,3,5,0,0,0,0,0,0,25000000,25
124,5000,3,6,0,0,0,0,0,0,25000000,25
125,5000,3,7,0,0,0,0,0,0,25000000,25
126,5000,3,8,0,0,0,0,0,0,25000000,25
127,5000,3,9,0,0,0,0,0,0,25000000,25
128,5000,3,10,0,0,0,0,0,0,25000000,25
129,5000,3,11,0,0,0,0,0,0,25000000,25
130,5000,3,12,0,0,0,0,0,0,25000000,25
131,5000,3,13,25,0,0,0,0,0,25000000,25
132,5000,3,14,75,0,0,7.725,0,0,25000000,25
133,5000,3,15,100,0,0,0.195,48.745,0,25000000,25
134,5000,3,16,0,0,0,0,50,0,25000000,25
135,5000,3,17,0,0,0,0,8.745,0,25000000,25
136,5000,3,18,0,0,0,0,0,0,25000000,25
137,5000,3,19,100,50,0,0.305,32.28,0,25000000,25
138,5000,3,20,0,0,5.075,0,16.77,0,25000000,25
139,5000,3,21,0,0,0,0,0,0,25000000,25
140,5000,3,22,0,0,0,0,0,0,25000000,25
141,5000,3,23,125,125,3.575,1.865,16.58,0,25000000,25
142,5000,3,24,100,0,0.99,0,0.975,0,25000000,25
143,5000,3,25,0,0,0,0,0,0,25000000,25
144,5000,3,26,0,0,0,0,0,0,25000000,25
145,5000,3,27,0,0,0,0,0,0,25000000,25
146,5000,3,28,0,0,0,0,0,0,25000000,25
147,5000,3,29,0,0,5.12,0,13.185,0,25000000,25
148,5000,3,30,0,0,3.915,0,1.445,0,25000000,25
149,5000,3,31,0,0,0,0,0,0,25000000,25
150,5000,3,32,0,0,0,0,0,0,25000000,25
151,5000,3,33,0,0,0,0,0,0,25000000,25
152,5000,3,34,0,0,0,0,0,0,25000000,25
153,5000,3,35,0,0,0,0,0,0,25000000,25
154,5000,3,36,0,0,0,0,0,0,25000000,25
155,5000,3,37,0,0,0,0,0,0,25000000,25
156,5000,3,38,0,0,0,0,0,0,25000000,25
157,5000,4,0,0,0,0,0,0,0,25000000,25
158,5000,4,1,0,0,0,0,0,0,25000000,25
159,5000,4,2,0,0,0,0,0,0,25000000,25
160,5000,4,3,0,0,0,0,0,0,25000000,25
161,5000,4,4,0,0,0,0,0,0,25000000,25
162,5000,4,5,0,0,0,0,0,0,25000000,25
163,5000,4,6,0,0,0,0,0,0,25000000,25
164,5000,4,7,0,0,0,0,0,0,25000000,25
165,5000,4,8,0,0,0,0,0,0,25000000,25
166,5000,4,9,0,0,0,0,0,0,25000000,25
167,5000,4,10,0,0,0,0,0,0,25000000,25
168,5000,4,11,0,0,0,0,0,0,25000000,25
169,5000,4,12,0,0,0,0,0,0,25000000,25
170,5000,4,13,25,0,0,0,0,0,25000000,25
171,5000,4,14,75,0,0,0.455,0,0,25000000,25
172,5000,4,15,100,50,0,1.53,40.795,0,25000000,25
173,5000,4,16,0,0,0,0,50,0,25000000,25
174,5000,4,17,0,0,0,0,28.07,0,25000000,25
175,5000,4,18,0,0,0,0,0,0,25000000,25
176,5000,4,19,25,0,0,0.625,12.175,0,25000000,25
177,5000,4,20,125,75,4.79,0.135,28.915,0,25000000,25
178,5000,4,21,0,0,1.23,0,0.685,0,25000000,25
179,5000,4,22,0,0,0,0,0,0,25000000,25
180,5000,4,23,0,0,0,0,0,0,25000000,25
181,5000,4,24,0,0,0,0,0,0,25000000,25
182,5000,4,25,0,0,0,0,0,0,25000000,25
183,5000,4,26,0,0,0,0,0,0,25000000,25
184,5000,4,27,0,0,0,0,0,0,25000000,25
185,5000,4,28,0,0,0,0,0,0,25000000,25
186,5000,4,29,0,0,3.395,0,3.63,0,25000000,25
187,5000,4,30,0,0,0.48,0,0,0,25000000,25
188,5000,4,31,0,0,0,0,0,0,25000000,25
189,5000,4,32,0,0,0,0,0,0,25000000,25
190,5000,4,33,0,0,0,0,0,0,25000000,25
191,5000,4,34,0,0,0,0,0,0,25000000,25
192,5000,4,35,0,0,0,0,0,0,25000000,25
193,5000,4,36,0,0,0,0,0,0,25000000,25
194,5000,4,37,0,0,0,0,0,0,25000000,25
195,5000,4,38,0,0,0,0,0,0,25000000,25
196,5000,5,0,0,0,0,0,0,0,25000000,25
197,5000,5,1,0,0,0,0,0,0,25000000,25
198,5000,5,2,0,0,0,0,0,0,25000000,25
199,5000,5,3,0,0,0,0,0,0,25000000,25
200,5000,5,4,0,0,0,0,0,0,25000000,25
201,5000,5,5,0,0,0,0,0,0,25000000,25
202,5000,5,6,0,0,0,0,0,0,25000000,25
203,5000,5,7,0,0,0,0,0,0,25000000,25
204,5000,5,8,0,0,0,0,0,0,25000000,25
205,5000,5,9,0,0,0,0,0,0,25000000,25
206,5000,5,10,0,0,0,0,0,0,25000000,25
207,5000,5,11,0,0,0,0,0,0,25000000,25
208,5000,5,12,0,0,0,0,0,0,25000000,25
209,5000,5,13,25,0,0,0,0,0,25000000,25
210,5000,5,14,50,0,0,0,0,0,25000000,25
211,5000,5,15,100,50,0,6.29,15.715,0,25000000,25
212,5000,5,16,100,25,0,3.635,43.73,0,25000000,25
213,5000,5,17,0,0,0,0,42.565,0,25000000,25
214,5000,5,18,0,0,0,0,0,0,25000000,25
215,5000,5,19,0,0,0,0,5.91,0,25000000,25
216,5000,5,20,25,0,0,5.62,26.16,0,25000000,25
217,5000,5,21,0,0,7.815,0,20.6,0,25000000,25
218,5000,5,22,0,0,0,0,0,0,25000000,25
219,5000,5,23,0,0,0,0,0,0,25000000,25
220,5000,5,24,0,0,0,0,0,0,25000000,25
221,5000,5,25,0,0,0,0,0,0,25000000,25
222,5000,5,26,0,0,0,0,0,0,25000000,25
223,5000,5,27,0,0,0,0,0,0,25000000,25
224,5000,5,28,0,0,0,0,0,0,25000000,25
225,5000,5,29,0,0,0,0,0,0,25000000,25
226,5000,5,30,0,0,0,0,0,0,25000000,25
227,5000,5,31,0,0,0,0,0,0,25000000,25
228,5000,5,32,0,0,0,0,0,0,25000000,25
229,5000,5,33,0,0,0,0,0,0,25000000,25
230,5000,5,34,0,0,0,0,0,0,25000000,25
231,5000,5,35,0,0,0,0,0,0,25000000,25
232,5000,5,36,0,0,0,0,0,0,25000000,25
233,5000,5,37,0,0,0,0,0,0,25000000,25
234,5000,5,38,0,0,0,0,0,0,25000000,25
235,5000,6,0,0,0,0,0,0,0,25000000,25
236,5000,6,1,0,0,0,0,0,0,25000000,25
237,5000,6,2,0,0,0,0,0,0,25000000,25
238,5000,6,3,0,0,0,0,0,0,25000000,25
239,5000,6,4,0,0,0,0,0,0,25000000,25
240,5000,6,5,0,0,0,0,0,0,25000000,25
241,5000,6,6,0,0,0,0,0,0,25000000,25
242,5000,6,7,0,0,0,0,0,0,25000000,25
243,5000,6,8,0,0,0,0,0,0,25000000,25
244,5000,6,9,0,0,0,0,0,0,25000000,25
245,5000,6,10,0,0,0,0,0,0,25000000,25
246,5000,6,11,0,0,0,0,0,0,25000000,25
247,5000,6,12,0,0,0,0,0,0,25000000,25
248,5000,6,13,25,0,0,0,0,0,25000000,25
249,5000,6,14,25,0,0,0,0,0,25000000,25
250,5000,6,15,50,0,0,1.35,0,0,25000000,25
251,5000,6,16,100,25,0,5.21,30.28,0,25000000,25
252,5000,6,17,0,0,0,0,34.39,0,25000000,25
253,5000,6,18,0,0,0,0,0,0,25000000,25
254,5000,6,19,25,50,0,0.09,15.43,0,25000000,25
255,5000,6,20,25,0,0,0.77,47.12,0,25000000,25
256,5000,6,21,50,0,5.545,0,18.345,0,25000000,25
257,5000,6,22,0,0,0,0,0,0,25000000,25
258,5000,6,23,0,0,0,0,0,0,25000000,25
259,5000,6,24,0,0,0,0,0,0,25000000,25
260,5000,6,25,0,0,0,0,0,0,25000000,25
261,5000,6,26,0,0,0,0,0,0,25000000,25
262,5000,6,27,0,0,0,0,0,0,25000000,25
263,5000,6,28,0,0,0,0,0,0,25000000,25
264,5000,6,29,0,0,0,0,0,0,25000000,25
265,5000,6,30,0,0,0,0,0,0,25000000,25
266,5000,6,31,0,0,0,0,0,0,25000000,25
267,5000,6,32,0,0,0,0,0,0,25000000,25
268,5000,6,33,0,0,0,0,0,0,25000000,25
269,5000,6,34,0,0,0,0,0,0,25000000,25
270,5000,6,35,0,0,0,0,0,0,25000000,25
271,5000,6,36,0,0,0,0,0,0,25000000,25
272,5000,6,37,0,0,0,0,0,0,25000000,25
273,5000,6,38,0,0,0,0,0,0,25000000,25
274,5000,7,0,0,0,0,0,0,0,25000000,25
275,5000,7,1,0,0,0,0,0,0,25000000,25
276,5000,7,2,0,0,0,0,0,0,25000000,25
277,5000,7,3,0,0,0,0,0,0,25000000,25
278,5000,7,4,0,0,0,0,0,0,25000000,25
279,5000,7,5,0,0,0,0,0,0,25000000,25
280,5000,7,6,0,0,0,0,0,0,25000000,25
281,5000,7,7,0,0,0,0,0,0,25000000,25
282,5000,7,8,0,0,0,0,0,0,25000000,25
283,5000,7,9,0,0,0,0,0,0,25000000,25
284,5000,7,10,0,0,0,0,0,0,25000000,25
285,5000,7,11,0,0,0,0,0,0,25000000,25
286,5000,7,12,0,0,0,0,0,0,25000000,25
287,5000,7,13,25,0,0,0,0,0,25000000,25
288,5000,7,14,25,0,0,0,0,0,25000000,25
289,5000,7,15,50,0,0,0,0,0,25000000,25
290,5000,7,16,100,25,0,1.6,16.49,0,25000000,25
291,5000,7,17,0,0,0,0,31.27,0,25000000,25
292,5000,7,18,0,0,0,0,0,0,25000000,25
293,5000,7,19,25,50,0,0.79,30.21,0,25000000,25
294,5000,7,20,50,125,3.98,1.54,32.95,0,25000000,25
295,5000,7,21,0,0,3.425,0,0.44,0,25000000,25
296,5000,7,22,0,0,0,0,0,0,25000000,25
297,5000,7,23,0,0,0,0,0,0,25000000,25
298,5000,7,24,0,0,0,0,0,0,25000000,25
299,5000,7,25,0,0,0,0,0,0,25000000,25
300,5000,7,26,0,0,0,0,0,0,25000000,25
301,5000,7,27,0,0,0,0,0,0,25000000,25
302,5000,7,28,0,0,0,0,0,0,25000000,25
303,5000,7,29,0,0,0,0,0,0,25000000,25
304,5000,7,30,0,0,0,0,0,0,25000000,25
305,5000,7,31,0,0,0,0,0,0,25000000,25
306,5000,7,32,0,0,0,0,0,0,25000000,25
307,5000,7,33,0,0,0,0,0,0,25000000,25
308,5000,7,34,0,0,0,0,0,0,25000000,25
309,5000,7,35,0,0,0,0,0,0,25000000,25
310,5000,7,36,0,0,0,0,0,0,25000000,25
311,5000,7,37,0,0,0,0,0,0,25000000,25
312,5000,7,38,0,0,0,0,0,0,25000000,25
313,5000,8,0,0,0,0,0,0,0,25000000,25
314,5000,8,1,0,0,0,0,0,0,25000000,25
315,5000,8,2,0,0,0,0,0,0,25000000,25
316,5000,8,3,0,0,0,0,0,0,25000000,25
317,5000,8,4,0,0,0,0,0,0,25000000,25
318,5000,8,5,0,0,0,0,0,0,25000000,25
319,5000,8,6,0,0,0,0,0,0,25000000,25
320,5000,8,7,0,0,0,0,0,0,25000000,25
321,5000,8,8,0,0,0,0,0,0,25000000,25
322,5000,8,9,0,0,0,0,0,0,25000000,25
323,5000,8,10,0,0,0,0,0,0,25000000,25
324,5000,8,11,0,0,0,0,0,0,25000000,25
325,5000,8,12,0,0,0,0,0,0,25000000,25
326,5000,8,13,25,0,0,0,0,0,25000000,25
327,5000,8,14,50,0,0,0,0,0,25000000,25
328,5000,8,15,100,50,0,3.825,5.625,0,25000000,25
329,5000,8,16,100,25,0,8.385,29.895,0,25000000,25
330,5000,8,17,0,0,0,0,14.56,0,25000000,25
331,5000,8,18,0,0,0,0,0,0,25000000,25
332,5000,8,19,0,0,0,0,41.905,0,25000000,25
333,5000,8,20,0,0,6.735,0,13.115,0,25000000,25
334,5000,8,21,0,0,0,0,0,0,25000000,25
335,5000,8,22,0,0,0,0,0,0,25000000,25
336,5000,8,23,0,0,0,0,0,0,25000000,25
337,5000,8,24,0,0,0,0,0,0,25000000,25
338,5000,8,25,0,0,1.545,0,0,0,25000000,25
339,5000,8,26,0,0,4.5,0,0,0,25000000,25
340,5000,8,27,0,0,0.655,0,0,0,25000000,25
341,5000,8,28,0,0,0,0,0,0,25000000,25
342,5000,8,29,0,0,0,0,0,0,25000000,25
343,5000,8,30,0,0,0,0,0,0,25000000,25
344,5000,8,31,0,0,0,0,0,0,25000000,25
345,5000,8,32,0,0,0,0,0,0,25000000,25
346,5000,8,33,0,0,0,0,0,0,25000000,25
347,5000,8,34,0,0,0,0,0,0,25000000,25
348,5000,8,35,0,0,0,0,0,0,25000000,25
349,5000,8,36,0,0,0,0,0,0,25000000,25
350,5000,8,37,0,0,0,0,0,0,25000000,25
351,5000,8,38,0,0,0,0,0,0,25000000,25
352,5000,9,0,0,0,0,0,0,0,25000000,25
353,5000,9,1,0,0,0,0,0,0,25000000,25
354,5000,9,2,0,0,0,0,0,0,25000000,25
355,5000,9,3,0,0,0,0,0,0,25000000,25
356,5000,9,4,0,0,0,0,0,0,25000000,25
357,5000,9,5,0,0,0,0,0,0,25000000,25
358,5000,9,6,0,0,0,0,0,0,25000000,25
359,5000,9,7,0,0,0,0,0,0,25000000,25
360,5000,9,8,0,0,0,0,0,0,25000000,25
361,5000,9,9,0,0,0,0,0,0,25000000,25
362,5000,9,10,0,0,0,0,0,0,25000000,25
363,5000,9,11,0,0,0,0,0,0,25000000,25
364,5000,9,12,0,0,0,0,0,0,25000000,25
365,5000,9,13,25,0,0,0,0,0,25000000,25
366,5000,9,14,50,0,0,0,0,0,25000000,25
367,5000,9,15,100,50,0,3.79,29.47,0,25000000,25
368,5000,9,16,0,0,0,0,28.39,0,25000000,25
369,5000,9,17,0,0,0,0,0,0,25000000,25
370,5000,9,18,25,75,0.66,0.475,5.835,0,25000000,25
371,5000,9,19,50,75,0.08,3.33,45.645,0,25000000,25
372,5000,9,20,25,50,4.38,0,2.985,0,25000000,25
373,5000,9,21,0,0,0,0,0,0,25000000,25
374,5000,9,22,0,0,0,0,0,0,25000000,25
375,5000,9,23,0,0,0,0,0,0,25000000,25
376,5000,9,24,0,0,0,0,0,0,25000000,25
377,5000,9,25,0,0,6.56,0,0,0,25000000,25
378,5000,9,26,0,0,7.01,0,0,0,25000000,25
379,5000,9,27,0,0,9.825,0,0,0,25000000,25
380,5000,9,28,0,0,0.49,0,0,0,25000000,25
381,5000,9,29,0,0,0,0,0,0,25000000,25
382,5000,9,30,0,0,0,0,0,0,25000000,25
383,5000,9,31,0,0,0,0,0,0,25000000,25
384,5000,9,32,0,0,0,0,0,0,25000000,25
385,5000,9,33,0,0,0,0,0,0,25000000,25
386,5000,9,34,0,0,0,0,0,0,25000000,25
387,5000,9,35,0,0,0,0,0,0,25000000,25
388,5000,9,36,0,0,0,0,0,0,25000000,25
389,5000,9,37,0,0,0,0,0,0,25000000,25
390,5000,9,38,0,0,0,0,0,0,25000000,25
391,5000,10,0,0,0,0,0,0,0,25000000,25
392,5000,10,1,0,0,0,0,0,0,25000000,25
393,5000,10,2,0,0,0,0,0,0,25000000,25
394,5000,10,3,0,0,0,0,0,0,25000000,25
395,5000,10,4,0,0,0,0,0,0,25000000,25
396,5000,10,5,0,0,0,0,0,0,25000000,25
397,5000,10,6,0,0,0,0,0,0,25000000,25
398,5000,10,7,0,0,0,0,0,0,25000000,25
399,5000,10,8,0,0,0,0,0,0,25000000,25
400,5000,10,9,0,0,0,0,0,0,25000000,25
401,5000,10,10,0,0,0,0,0,0,25000000,25
402,5000,10,11,0,0,0,0,0,0,25000000,25
403,5000,10,12,0,0,0,0,0,0,25000000,25
404,5000,10,13,25,0,0,0,0,0,25000000,25
405,5000,10,14,50,0,0,0.05,0,0,25000000,25
406,5000,10,15,100,50,0,0.67,19.195,0,25000000,25
407,5000,10,16,0,0,0,0,29.05,0,25000000,25
408,5000,10,17,0,0,0,0,0,0,25000000,25
409,5000,10,18,25,50,0.125,0,26.56,0,25000000,25
410,5000,10,19,25,125,4.41,1.8,36.84,0,25000000,25
411,5000,10,20,0,0,0.615,0,0,0,25000000,25
412,5000,10,21,0,0,0,0,0,0,25000000,25
413,5000,10,22,0,0,0,0,0,0,25000000,25
414,5000,10,23,0,0,0,0,0,0,25000000,25
415,5000,10,24,0,0,1.2,0,0,0,25000000,25
416,5000,10,25,0,0,4.62,0,0,0,25000000,25
417,5000,10,26,0,0,10.285,0,0,0,25000000,25
418,5000,10,27,0,0,7.475,0,0,0,25000000,25
419,5000,10,28,0,0,0,0,0,0,25000000,25
420,5000,10,29,0,0,0,0,0,0,25000000,25
421,5000,10,30,0,0,0,0,0,0,25000000,25
422,5000,10,31,0,0,0,0,0,0,25000000,25
423,5000,10,32,0,0,0,0,0,0,25000000,25
424,5000,10,33,0,0,0,0,0,0,25000000,25
425,5000,10,34,0,0,0,0,0,0,25000000,25
426,5000,10,35,0,0,0,0,0,0,25000000,25
427,5000,10,36,0,0,0,0,0,0,25000000,25
428,5000,10,37,0,0,0,0,0,0,25000000,25
429,5000,10,38,0,0,0,0,0,0,25000000,25
430,5000,11,0,0,0,0,0,0,0,25000000,25
431,5000,11,1,0,0,0,0,0,0,25000000,25
432,5000,11,2,0,0,0,0,0,0,25000000,25
433,5000,11,3,0,0,0,0,0,0,25000000,25
434,5000,11,4,0,0,0,0,0,0,25000000,25
435,5000,11,5,0,0,0,0,0,0,25000000,25
436,5000,11,6,0,0,0,0,0,0,25000000,25
437,5000,11,7,0,0,0,0,0,0,25000000,25
438,5000,11,8,0,0,0,0,0,0,25000000,25
439,5000,11,9,0,0,0,0,0,0,25000000,25
440,5000,11,10,0,0,0,0,0,0,25000000,25
441,5000,11,11,0,0,0,0,0,0,25000000,25
442,5000,11,12,0,0,0,0,0,0,25000000,25
443,5000,11,13,25,0,0,0,0,0,25000000,25
444,5000,11,14,100,0,0,0.51,0.79,0,25000000,25
445,5000,11,15,100,50,0,8.05,21.635,0,25000000,25
446,5000,11,16,100,50,0,0.435,36.185,0,25000000,25
447,5000,11,17,0,0,0.18,0,0,0,25000000,25
448,5000,11,18,75,75,3.16,1.7,16.14,0,25000000,25
449,5000,11,19,50,0,5.5,0.015,34.39,0,25000000,25
450,5000,11,20,0,0,0,0,0,0,25000000,25
451,5000,11,21,0,0,0,0,0,0,25000000,25
452,5000,11,22,0,0,0,0,0,0,25000000,25
453,5000,11,23,0,0,0,0,0,0,25000000,25
454,5000,11,24,0,0,4.07,0,0,0,25000000,25
455,5000,11,25,0,0,3.445,0,0,0,25000000,25
456,5000,11,26,0,0,11.285,0,0,0,25000000,25
457,5000,11,27,0,0,0.585,0,0,0,25000000,25
458,5000,11,28,0,0,0,0,0,0,25000000,25
459,5000,11,29,0,0,0,0,0,0,25000000,25
460,5000,11,30,0,0,0,0,0,0,25000000,25
461,5000,11,31,0,0,0,0,0,0,25000000,25
462,5000,11,32,0,0,0,0,0,0,25000000,25
463,5000,11,33,0,0,0,0,0,0,25000000,25
464,5000,11,34,0,0,0,0,0,0,25000000,25
465,5000,11,35,0,0,0,0,0,0,25000000,25
466,5000,11,36,0,0,0,0,0,0,25000000,25
467,5000,11,37,0,0,0,0,0,0,25000000,25
468,5000,11,38,0,0,0,0,0,0,25000000,25
469,5000,12,0,0,0,0,0,0,0,25000000,25
470,5000,12,1,0,0,0,0,0,0,25000000,25
471,5000,12,2,0,0,0,0,0,0,25000000,25
472,5000,12,3,0,0,0,0,0,0,25000000,25
473,5000,12,4,0,0,0,0,0,0,25000000,25
474,5000,12,5,0,0,0,0,0,0,25000000,25
475,5000,12,6,0,0,0,0,0,0,25000000,25
476,5000,12,7,0,0,0,0,0,0,25000000,25
477,5000,12,8,0,0,0,0,0,0,25000000,25
478,5000,12,9,0,0,0,0,0,0,25000000,25
479,5000,12,10,0,0,0,0,0,0,25000000,25
480,5000,12,11,0,0,0,0,0,0,25000000,25
481,5000,12,12,0,0,0,0,0,0,25000000,25
482,5000,12,13,25,0,0,0,0,0,25000000,25
483,5000,12,14,100,50,0,4.58,12.415,0,25000000,25
484,5000,12,15,100,50,0,0.47,49.425,0,25000000,25
485,5000,12,16,0,0,0,0,25.47,0,25000000,25
486,5000,12,17,25,50,2.895,0.085,0,0,25000000,25
487,5000,12,18,50,125,3.48,0.15,1.195,0,25000000,25
488,5000,12,19,0,0,6.585,0,36.175,0,25000000,25
489,5000,12,20,0,0,0,0,0,0,25000000,25
490,5000,12,21,0,0,0,0,0,0,25000000,25
491,5000,12,22,0,0,0,0,0,0,25000000,25
492,5000,12,23,0,0,0.85,0,0,0,25000000,25
493,5000,12,24,0,0,4.985,0,0,0,25000000,25
494,5000,12,25,25,25,9.225,0,0,0,25000000,25
495,5000,12,26,100,25,7.68,0,0,0,25000000,25
496,5000,12,27,0,0,0,0,0,0,25000000,25
497,5000,12,28,0,0,0,0,0,0,25000000,25
498,5000,12,29,0,0,0,0,0,0,25000000,25
499,5000,12,30,0,0,0,0,0,0,25000000,25
500,5000,12,31,0,0,0,0,0,0,25000000,25
501,5000,12,32,0,0,0,0,0,0,25000000,25
502,5000,12,33,0,0,0,0,0,0,25000000,25
503,5000,12,34,0,0,0,0,0,0,25000000,25
504,5000,12,35,0,0,0,0,0,0,25000000,25
505,5000,12,36,0,0,0,0,0,0,25000000,25
506,5000,12,37,0,0,0,0,0,0,25000000,25
507,5000,12,38,0,0,0,0,0,0,25000000,25
508,5000,13,0,0,0,0,0,0,0,25000000,25
509,5000,13,1,0,0,0,0,0,0,25000000,25
510,5000,13,2,0,0,0,0,0,0,25000000,25
511,5000,13,3,0,0,0,0,0,0,25000000,25
512,5000,13,4,0,0,0,0,0,0,25000000,25
513,5000,13,5,0,0,0,0,0,0,25000000,25
514,5000,13,6,0,0,0,0,0,0,25000000,25
515,5000,13,7,0,0,0,0,0,0,25000000,25
516,5000,13,8,0,0,0,0,0,0,25000000,25
517,5000,13,9,0,0,0,0,0,0,25000000,25
518,5000,13,10,0,0,0,0,0,0,25000000,25
519,5000,13,11,0,0,0,0,0,0,25000000,25
520,5000,13,12,0,0,0,0,0,0,25000000,25
521,5000,13,13,25,0,0,0,0,0,25000000,25
522,5000,13,14,100,50,0,1.215,4.095,0,25000000,25
523,5000,13,15,100,50,0,0.025,49.555,0,25000000,25
524,5000,13,16,0,0,0,0,8.53,0,25000000,25
525,5000,13,17,25,50,2.195,0.645,0,0,25000000,25
526,5000,13,18,50,75,6.545,0.09,3.955,0,25000000,25
527,5000,13,19,0,0,4.22,0,37.24,0,25000000,25
528,5000,13,20,0,0,0,0,0,0,25000000,25
529,5000,13,21,0,0,0,0,0,0,25000000,25
530,5000,13,22,0,0,0,0,0,0,25000000,25
531,5000,13,23,0,0,0.965,0,0,0,25000000,25
532,5000,13,24,25,50,9.735,1.16,0,0,25000000,25
533,5000,13,25,0,0,1.37,0,0,0,25000000,25
534,5000,13,26,0,0,0,0,0,0,25000000,25
535,5000,13,27,0,0,0,0,0,0,25000000,25
536,5000,13,28,0,0,0,0,0,0,25000000,25
537,5000,13,29,0,0,0,0,0,0,25000000,25
538,5000,13,30,0,0,0,0,0,0,25000000,25
539,5000,13,31,0,0,0,0,0,0,25000000,25
540,5000,13,32,0,0,0,0,0,0,25000000,25
541,5000,13,33,0,0,0,0,0,0,25000000,25
542,5000,13,34,0,0,0,0,0,0,25000000,25
543,5000,13,35,0,0,0,0,0,0,25000000,25
544,5000,13,36,0,0,0,0,0,0,25000000,25
545,5000,13,37,0,0,0,0,0,0,25000000,25
546,5000,13,38,0,0,0,0,0,0,25000000,25
547,5000,14,0,0,0,0,0,0,0,25000000,25
548,5000,14,1,0,0,0,0,0,0,25000000,25
549,5000,14,2,0,0,0,0,0,0,25000000,25
550,5000,14,3,0,0,0,0,0,0,25000000,25
551,5000,14,4,0,0,0,0,0,0,25000000,25
552,5000,14,5,0,0,0,0,0,0,25000000,25
553,5000,14,6,0,0,0,0,0,0,25000000,25
554,5000,14,7,0,0,0,0,0,0,25000000,25
555,5000,14,8,0,0,0,0,0,0,25000000,25
556,5000,14,9,0,0,0,0,0,0,25000000,25
557,5000,14,10,0,0,0,0,0,0,25000000,25
558,5000,14,11,0,0,0,0,0,0,25000000,25
559,5000,14,12,25,0,0,0,0,0,25000000,25
560,5000,14,13,100,0,0,0.07,0,0,25000000,25
561,5000,14,14,100,50,0,3.3,23.56,0,25000000,25
562,5000,14,15,0,0,0,0,48.975,0,25000000,25
563,5000,14,16,25,50,1.22,0,0.315,0,25000000,25
564,5000,14,17,25,50,5.915,1.825,0,0,25000000,25
565,5000,14,18,50,0,9.58,0,1.14,0,25000000,25
566,5000,14,19,0,0,5.41,0,35.035,0,25000000,25
567,5000,14,20,0,0,0.95,0,0,0,25000000,25
568,5000,14,21,0,0,0,0,0,0,25000000,25
569,5000,14,22,0,0,0,0,0,0,25000000,25
570,5000,14,23,0,0,0,0,0,0,25000000,25
571,5000,14,24,0,0,0,0,0,0,25000000,25
572,5000,14,25,0,0,0,0,0,0,25000000,25
573,5000,14,26,0,0,0,0,0,0,25000000,25
574,5000,14,27,0,0,0,0,0,0,25000000,25
575,5000,14,28,0,0,0,0,0,0,25000000,25
576,5000,14,29,0,0,0,0,0,0,25000000,25
577,5000,14,30,0,0,0,0,0,0,25000000,25
578,5000,14,31,0,0,0,0,0,0,25000000,25
579,5000,14,32,0,0,0,0,0,0,25000000,25
580,5000,14,33,0,0,0,0,0,0,25000000,25
581,5000,14,34,0,0,0,0,0,0,25000000,25
582,5000,14,35,0,0,0,0,0,0,25000000,25
583,5000,14,36,0,0,0,0,0,0,25000000,25
584,5000,14,37,0,0,0,0,0,0,25000000,25
585,5000,14,38,0,0,0,0,0,0,25000000,25
586,5000,15,0,0,0,0,0,0,0,25000000,25
587,5000,15,1,0,0,0,0,0,0,25000000,25
588,5000,15,2,0,0,0,0,0,0,25000000,25
589,5000,15,3,0,0,0,0,0,0,25000000,25
590,5000,15,4,0,0,0,0,0,0,25000000,25
591,5000,15,5,0,0,0,0,0,0,25000000,25
592,5000,15,6,0,0,0,0,0,0,25000000,25
593,5000,15,7,0,0,0,0,0,0,25000000,25
594,5000,15,8,0,0,0,0,0,0,25000000,25
595,5000,15,9,0,0,0,0,0,0,25000000,25
596,5000,15,10,0,0,0,0,0,0,25000000,25
597,5000,15,11,25,0,0,0,0,0,25000000,25
598,5000,15,12,50,0,0,0,0,0,25000000,25
599,5000,15,13,25,25,0,5.005,14.645,0,25000000,25
600,5000,15,14,125,25,0,1.42,47.17,0,25000000,25
601,5000,15,15,0,0,0,0,49.575,0,25000000,25
602,5000,15,16,50,100,2.41,0.765,3.14,0,25000000,25
603,5000,15,17,25,50,5.845,0.65,0,0,25000000,25
604,5000,15,18,25,0,9.225,0.01,0,0,25000000,25
605,5000,15,19,0,0,8.9,0,19.705,0,25000000,25
606,5000,15,20,0,0,7.475,0,5.175,0,25000000,25
607,5000,15,21,0,0,0,0,0,0,25000000,25
608,5000,15,22,0,0,0,0,0,0,25000000,25
609,5000,15,23,0,0,0,0,0,0,25000000,25
610,5000,15,24,0,0,0,0,0,0,25000000,25
611,5000,15,25,0,0,0,0,0,0,25000000,25
612,5000,15,26,0,0,0,0,0,0,25000000,25
613,5000,15,27,0,0,0,0,0,0,25000000,25
614,5000,15,28,0,0,0,0,0,0,25000000,25
615,5000,15,29,0,0,0,0,0,0,25000000,25
616,5000,15,30,0,0,0,0,0,0,25000000,25
617,5000,15,31,0,0,0,0,0,0,25000000,25
618,5000,15,32,0,0,0,0,0,0,25000000,25
619,5000,15,33,0,0,0,0,0,0,25000000,25
620,5000,15,34,0,0,0,0,0,0,25000000,25
621,5000,15,35,0,0,0,0,0,0,25000000,25
622,5000,15,36,0,0,0,0,0,0,25000000,25
623,5000,15,37,0,0,0,0,0,0,25000000,25
624,5000,15,38,0,0,0,0,0,0,25000000,25
625,5000,16,0,0,0,0,0,0,0,25000000,25
626,5000,16,1,0,0,0,0,0,0,25000000,25
627,5000,16,2,0,0,0,0,0,0,25000000,25
628,5000,16,3,0,0,0,0,0,0,25000000,25
629,5000,16,4,0,0,0,0,0,0,25000000,25
630,5000,16,5,0,0,0,0,0,0,25000000,25
631,5000,16,6,0,0,0,0,0,0,25000000,25
632,5000,16,7,0,0,0,0,0,0,25000000,25
633,5000,16,8,0,0,0,0,0,0,25000000,25
634,5000,16,9,0,0,0,0,0,0,25000000,25
635,5000,16,10,0,0,0,0,0,0,25000000,25
636,5000,16,11,25,0,0,0,0,0,25000000,25
637,5000,16,12,75,0,0,3.55,0,0,25000000,25
638,5000,16,13,25,25,0,9.545,23.385,0,25000000,25
639,5000,16,14,0,0,0,0,49.805,0,25000000,25
640,5000,16,15,0,0,0,0,25.19,0,25000000,25
641,5000,16,16,25,50,2.42,0.13,0,0,25000000,25
642,5000,16,17,25,50,2.885,0.375,0,0,25000000,25
643,5000,16,18,25,50,9.075,0.325,0,0,25000000,25
644,5000,16,19,50,125,9.03,0.165,0.33,0,25000000,25
645,5000,16,20,0,0,17.62,0,20.905,0,25000000,25
646,5000,16,21,0,0,5.93,0,1.67,0,25000000,25
647,5000,16,22,0,0,0,0,0,0,25000000,25
648,5000,16,23,0,0,0,0,0,0,25000000,25
649,5000,16,24,0,0,0,0,0,0,25000000,25
650,5000,16,25,0,0,0,0,0,0,25000000,25
651,5000,16,26,0,0,0,0,0,0,25000000,25
652,5000,16,27,0,0,0,0,0,0,25000000,25
653,5000,16,28,0,0,0,0,0,0,25000000,25
654,5000,16,29,0,0,0,0,0,0,25000000,25
655,5000,16,30,0,0,0,0,0,0,25000000,25
656,5000,16,31,0,0,0,0,0,0,25000000,25
657,5000,16,32,0,0,0,0,0,0,25000000,25
658,5000,16,33,0,0,0,0,0,0,25000000,25
659,5000,16,34,0,0,0,0,0,0,25000000,25
660,5000,16,35,0,0,0,0,0,0,25000000,25
661,5000,16,36,0,0,0,0,0,0,25000000,25
662,5000,16,37,0,0,0,0,0,0,25000000,25
663,5000,16,38,0,0,0,0,0,0,25000000,25
664,5000,17,0,0,0,0,0,0,0,25000000,25
665,5000,17,1,0,0,0,0,0,0,25000000,25
666,5000,17,2,0,0,0,0,0,0,25000000,25
667,5000,17,3,0,0,0,0,0,0,25000000,25
668,5000,17,4,0,0,0,0,0,0,25000000,25
669,5000,17,5,0,0,0,0,0,0,25000000,25
670,5000,17,6,0,0,0,0,0,0,25000000,25
671,5000,17,7,0,0,0,0,0,0,25000000,25
672,5000,17,8,0,0,0,0,0,0,25000000,25
673,5000,17,9,0,0,0,0,0,0,25000000,25
674,5000,17,10,0,0,0,0,0,0,25000000,25
675,5000,17,11,25,0,0,0,0,0,25000000,25
676,5000,17,12,100,25,0,7.825,6.36,0,25000000,25
677,5000,17,13,125,25,0,6.23,36.91,0,25000000,25
678,5000,17,14,0,0,0,0,30.055,0,25000000,25
679,5000,17,15,25,25,0,1.43,0,0,25000000,25
680,5000,17,16,25,25,0,0.155,0,0,25000000,25
681,5000,17,17,25,0,0.785,0.13,0,0,25000000,25
682,5000,17,18,0,0,0.135,0,0,0,25000000,25
683,5000,17,19,25,50,12.96,0.26,0,0,25000000,25
684,5000,17,20,50,100,4.56,0.15,0.39,0,25000000,25
685,5000,17,21,0,0,19.13,0,11.555,0,25000000,25
686,5000,17,22,0,0,0.055,0,0,0,25000000,25
687,5000,17,23,0,0,0,0,0,0,25000000,25
688,5000,17,24,0,0,0,0,0,0,25000000,25
689,5000,17,25,0,0,0,0,0,0,25000000,25
690,5000,17,26,0,0,0,0,0,0,25000000,25
691,5000,17,27,0,0,0,0,0,0,25000000,25
692,5000,17,28,0,0,0,0,0,0,25000000,25
693,5000,17,29,0,0,0,0,0,0,25000000,25
694,5000,17,30,0,0,0,0,0,0,25000000,25
695,5000,17,31,0,0,0,0,0,0,25000000,25
696,5000,17,32,0,0,0,0,0,0,25000000,25
697,5000,17,33,0,0,0,0,0,0,25000000,25
698,5000,17,34,0,0,0,0,0,0,25000000,25
699,5000,17,35,0,0,0,0,0,0,25000000,25
700,5000,17,36,0,0,0,0,0,0,25000000,25
701,5000,17,37,0,0,0,0,0,0,25000000,25
702,5000,17,38,0,0,0,0,0,0,25000000,25
703,5000,18,0,0,0,0,0,0,0,25000000,25
704,5000,18,1,0,0,0,0,0,0,25000000,25
705,5000,18,2,0,0,0,0,0,0,25000000,25
706,5000,18,3,0,0,0,0,0,0,25000000,25
707,5000,18,4,0,0,0,0,0,0,25000000,25
708,5000,18,5,0,0,0,0,0,0,25000000,25
709,5000,18,6,0,0,0,0,0,0,25000000,25
710,5000,18,7,0,0,0,0,0,0,25000000,25
711,5000,18,8,0,0,0,0,0,0,25000000,25
712,5000,18,9,0,0,0,0,0,0,25000000,25
713,5000,18,10,25,0,0,0,0,0,25000000,25
714,5000,18,11,50,0,0,0.285,0,0,25000000,25
715,5000,18,12,100,50,0,4.62,19.53,0,25000000,25
716,5000,18,13,100,50,0,0.14,49.725,0,25000000,25
717,5000,18,14,100,50,0,0.085,12.98,0,25000000,25
718,5000,18,15,25,25,0,0.055,0,0,25000000,25
719,5000,18,16,25,50,0.3,0.53,0,0,25000000,25
720,5000,18,17,25,50,4.57,0.21,0,0,25000000,25
721,5000,18,18,0,0,2.56,0,0,0,25000000,25
722,5000,18,19,25,25,10.345,0,0,0,25000000,25
723,5000,18,20,25,25,6.085,0,0,0,25000000,25
724,5000,18,21,0,0,16.13,0,0,0,25000000,25
725,5000,18,22,0,0,0,0,0,0,25000000,25
726,5000,18,23,0,0,0,0,0,0,25000000,25
727,5000,18,24,0,0,0,0,0,0,25000000,25
728,5000,18,25,0,0,0,0,0,0,25000000,25
729,5000,18,26,0,0,0,0,0,0,25000000,25
730,5000,18,27,0,0,0,0,0,0,25000000,25
731,5000,18,28,0,0,0,0,0,0,25000000,25
732,5000,18,29,0,0,0,0,0,0,25000000,25
733,5000,18,30,0,0,0,0,0,0,25000000,25
734,5000,18,31,0,0,0,0,0,0,25000000,25
735,5000,18,32,0,0,0,0,0,0,25000000,25
736,5000,18,33,0,0,0,0,0,0,25000000,25
737,5000,18,34,0,0,0,0,0,0,25000000,25
738,5000,18,35,0,0,0,0,0,0,25000000,25
739,5000,18,36,0,0,0,0,0,0,25000000,25
740,5000,18,37,0,0,0,0,0,0,25000000,25
741,5000,18,38,0,0,0,0,0,0,25000000,25
742,5000,19,0,0,0,0,0,0,0,25000000,25
743,5000,19,1,0,0,0,0,0,0,25000000,25
744,5000,19,2,0,0,0,0,0,0,25000000,25
745,5000,19,3,0,0,0,0,0,0,25000000,25
746,5000,19,4,0,0,0,0,0,0,25000000,25
747,5000,19,5,0,0,0,0,0,0,25000000,25
748,5000,19,6,0,0,0,0,0,0,25000000,25
749,5000,19,7,0,0,0,0,0,0,25000000,25
750,5000,19,8,0,0,0,0,0,0,25000000,25
751,5000,19,9,25,0,0,0,0,0,25000000,25
752,5000,19,10,50,0,0,0,0,0,25000000,25
753,5000,19,11,100,50,0,4.33,8.58,0,25000000,25
754,5000,19,12,100,50,0,5.365,41.405,0,25000000,25
755,5000,19,13,0,0,0,0,43.595,0,25000000,25
756,5000,19,14,0,0,0,0,3.445,0,25000000,25
757,5000,19,15,0,0,0,0,0,0,25000000,25
758,5000,19,16,0,0,5.04,0,0,0,25000000,25
759,5000,19,17,25,25,3.305,0,0,0,25000000,25
760,5000,19,18,0,0,2.54,0,0,0,25000000,25
761,5000,19,19,25,0,6.875,0,0,0,25000000,25
762,5000,19,20,0,0,2.855,0,0,0,25000000,25
763,5000,19,21,0,0,0.945,0,0,0,25000000,25
764,5000,19,22,0,0,0,0,0,0,25000000,25
765,5000,19,23,0,0,0,0,0,0,25000000,25
766,5000,19,24,0,0,0,0,0,0,25000000,25
767,5000,19,25,0,0,0,0,0,0,25000000,25
768,5000,19,26,0,0,0,0,0,0,25000000,25
769,5000,19,27,0,0,0,0,0,0,25000000,25
770,5000,19,28,0,0,0,0,0,0,25000000,25
771,5000,19,29,0,0,0,0,0,0,25000000,25
772,5000,19,30,0,0,0,0,0,0,25000000,25
773,5000,19,31,0,0,0,0,0,0,25000000,25
774,5000,19,32,0,0,0,0,0,0,25000000,25
775,5000,19,33,0,0,0,0,0,0,25000000,25
776,5000,19,34,0,0,0,0,0,0,25000000,25
777,5000,19,35,0,0,0,0,0,0,25000000,25
778,5000,19,36,0,0,0,0,0,0,25000000,25
779,5000,19,37,0,0,0,0,0,0,25000000,25
780,5000,19,38,0,0,0,0,0,0,25000000,25
781,5000,20,0,0,0,0,0,0,0,25000000,25
782,5000,20,1,0,0,0,0,0,0,25000000,25
783,5000,20,2,0,0,0,0,0,0,25000000,25
784,5000,20,3,0,0,0,0,0,0,25000000,25
785,5000,20,4,0,0,0,0,0,0,25000000,25
786,5000,20,5,0,0,0,0,0,0,25000000,25
787,5000,20,6,25,0,0,0,0,0,25000000,25
788,5000,20,7,25,0,0,0,0,0,25000000,25
789,5000,20,8,25,0,0,0,0,0,25000000,25
790,5000,20,9,25,0,0,0,0,0,25000000,25
791,5000,20,10,75,0,0,0.07,0,0,25000000,25
792,5000,20,11,100,50,0,8.075,31.93,0,25000000,25
793,5000,20,12,100,50,0,0.405,49.475,0,25000000,25
794,5000,20,13,0,0,0,0,10.335,0,25000000,25
795,5000,20,14,0,0,0,0,0,0,25000000,25
796,5000,20,15,0,0,0,0,0,0,25000000,25
797,5000,20,16,0,0,0.365,0,0,0,25000000,25
798,5000,20,17,0,0,0,0,0,0,25000000,25
799,5000,20,18,0,0,0.54,0,0,0,25000000,25
800,5000,20,19,0,0,2.205,0,0,0,25000000,25
801,5000,20,20,0,0,1.065,0,0,0,25000000,25
802,5000,20,21,0,0,0,0,0,0,25000000,25
803,5000,20,22,0,0,0,0,0,0,25000000,25
804,5000,20,23,0,0,0,0,0,0,25000000,25
805,5000,20,24,0,0,0,0,0,0,25000000,25
806,5000,20,25,0,0,0,0,0,0,25000000,25
807,5000,20,26,0,0,0,0,0,0,25000000,25
808,5000,20,27,0,0,0,0,0,0,25000000,25
809,5000,20,28,0,0,0,0,0,0,25000000,25
810,5000,20,29,0,0,0,0,0,0,25000000,25
811,5000,20,30,0,0,0,0,0,0,25000000,25
812,5000,20,31,0,0,0,0,0,0,25000000,25
813,5000,20,32,0,0,0,0,0,0,25000000,25
814,5000,20,33,0,0,0,0,0,0,25000000,25
815,5000,20,34,0,0,0,0,0,0,25000000,25
816,5000,20,35,0,0,0,0,0,0,25000000,25
817,5000,20,36,0,0,0,0,0,0,25000000,25
818,5000,20,37,0,0,0,0,0,0,25000000,25
819,5000,20,38,0,0,0,0,0,0,25000000,25
820,5000,21,0,0,0,0,0,0,0,25000000,25
821,5000,21,1,0,0,0,0,0,0,25000000,25
822,5000,21,2,0,0,0,0,0,0,25000000,25
823,5000,21,3,0,0,0,0,0,0,25000000,25
824,5000,21,4,0,0,0,0,0,0,25000000,25
825,5000,21,5,25,0,0,0,0,0,25000000,25
826,5000,21,6,75,0,0,2.175,0,0,25000000,25
827,5000,21,7,75,0,0,6.65,0,0,25000000,25
828,5000,21,8,25,0,0,0.325,0,0,25000000,25
829,5000,21,9,50,0,0,0,0,0,25000000,25
830,5000,21,10,100,50,0,0.37,9.195,0,25000000,25
831,5000,21,11,100,50,0,0.235,48.435,0,25000000,25
832,5000,21,12,0,0,0,0,28.47,0,25000000,25
833,5000,21,13,0,0,0,0,0,0,25000000,25
834,5000,21,14,0,0,0,0,0,0,25000000,25
835,5000,21,15,0,0,0,0,0,0,25000000,25
836,5000,21,16,0,0,0,0,0,0,25000000,25
837,5000,21,17,0,0,0,0,0,0,25000000,25
838,5000,21,18,0,0,3.19,0,11.78,0,25000000,25
839,5000,21,19,0,0,1.84,0,0,0,25000000,25
840,5000,21,20,0,0,0,0,0,0,25000000,25
841,5000,21,21,0,0,0,0,0,0,25000000,25
842,5000,21,22,0,0,0,0,0,0,25000000,25
843,5000,21,23,0,0,0,0,0,0,25000000,25
844,5000,21,24,0,0,0,0,0,0,25000000,25
845,5000,21,25,0,0,0,0,0,0,25000000,25
846,5000,21,26,0,0,0,0,0,0,25000000,25
847,5000,21,27,0,0,0,0,0,0,25000000,25
848,5000,21,28,0,0,0,0,0,0,25000000,25
849,5000,21,29,0,0,0,0,0,0,25000000,25
850,5000,21,30,0,0,0,0,0,0,25000000,25
851,5000,21,31,0,0,0,0,0,0,25000000,25
852,5000,21,32,0,0,0,0,0,0,25000000,25
853,5000,21,33,0,0,0,0,0,0,25000000,25
854,5000,21,34,0,0,0,0,0,0,25000000,25
855,5000,21,35,0,0,0,0,0,0,25000000,25
856,5000,21,36,0,0,0,0,0,0,25000000,25
857,5000,21,37,0,0,0,0,0,0,25000000,25
858,5000,21,38,0,0,0,0,0,0,25000000,25
859,5000,22,0,0,0,0,0,0,0,25000000,25
860,5000,22,1,0,0,0,0,0,0,25000000,25
861,5000,22,2,0,0,0,0,0,0,25000000,25
862,5000,22,3,0,0,0,0,0,0,25000000,25
863,5000,22,4,25,0,0,0,0,0,25000000,25
864,5000,22,5,25,0,0,0,0,0,25000000,25
865,5000,22,6,75,25,0,8.085,0,0,25000000,25
866,5000,22,7,100,50,0,21.545,2.81,0,25000000,25
867,5000,22,8,75,0,0,8.365,0,0,25000000,25
868,5000,22,9,100,50,0,0.1,6.63,0,25000000,25
869,5000,22,10,75,25,0,0,44.74,0,25000000,25
870,5000,22,11,0,0,0,0,23.825,0,25000000,25
871,5000,22,12,0,0,0,0,0,0,25000000,25
872,5000,22,13,0,0,0,0,0,0,25000000,25
873,5000,22,14,0,0,0,0,0,0,25000000,25
874,5000,22,15,0,0,0,0,0,0,25000000,25
875,5000,22,16,0,0,0,0,0,0,25000000,25
876,5000,22,17,0,0,0,0,6.4,0,25000000,25
877,5000,22,18,0,0,4.01,0,5.105,0,25000000,25
878,5000,22,19,0,0,0,0,0,0,25000000,25
879,5000,22,20,0,0,0,0,0,0,25000000,25
880,5000,22,21,0,0,0,0,0,0,25000000,25
881,5000,22,22,0,0,0,0,0,0,25000000,25
882,5000,22,23,0,0,0,0,0,0,25000000,25
883,5000,22,24,0,0,0,0,0,0,25000000,25
884,5000,22,25,0,0,0,0,0,0,25000000,25
885,5000,22,26,0,0,0,0,0,0,25000000,25
886,5000,22,27,0,0,0,0,0,0,25000000,25
887,5000,22,28,0,0,0,0,0,0,25000000,25
888,5000,22,29,0,0,0,0,0,0,25000000,25
889,5000,22,30,0,0,0,0,0,0,25000000,25
890,5000,22,31,0,0,0,0,0,0,25000000,25
891,5000,22,32,0,0,0,0,0,0,25000000,25
892,5000,22,33,0,0,0,0,0,0,25000000,25
893,5000,22,34,0,0,0,0,0,0,25000000,25
894,5000,22,35,0,0,0,0,0,0,25000000,25
895,5000,22,36,0,0,0,0,0,0,25000000,25
896,5000,22,37,0,0,0,0,0,0,25000000,25
897,5000,22,38,0,0,0,0,0,0,25000000,25
898,5000,23,0,0,0,0,0,0,0,25000000,25
899,5000,23,1,0,0,0,0,0,0,25000000,25
900,5000,23,2,0,0,0,0,0,0,25000000,25
901,5000,23,3,25,0,0,0,0,0,25000000,25
902,5000,23,4,50,0,0,0,0,0,25000000,25
903,5000,23,5,100,50,0,9.675,1.68,0,25000000,25
904,5000,23,6,25,50,0,11.73,11.115,0,25000000,25
905,5000,23,7,25,25,0,5.075,39.13,0,25000000,25
906,5000,23,8,25,25,0,9.46,28.115,0,25000000,25
907,5000,23,9,50,50,0,0.165,42.68,0,25000000,25
908,5000,23,10,0,0,0,0,21.095,0,25000000,25
909,5000,23,11,0,0,0,0,0,0,25000000,25
910,5000,23,12,0,0,0,0,0,0,25000000,25
911,5000,23,13,0,0,1.265,0,0,0,25000000,25
912,5000,23,14,0,0,0.725,0,0,0,25000000,25
913,5000,23,15,0,0,0,0,0,0,25000000,25
914,5000,23,16,0,0,0,0,0,0,25000000,25
915,5000,23,17,0,0,2.5,0,8.15,0,25000000,25
916,5000,23,18,0,0,0.595,0,0,0,25000000,25
917,5000,23,19,0,0,0,0,0,0,25000000,25
918,5000,23,20,0,0,0,0,0,0,25000000,25
919,5000,23,21,0,0,0,0,0,0,25000000,25
920,5000,23,22,0,0,0,0,0,0,25000000,25
921,5000,23,23,0,0,0,0,0,0,25000000,25
922,5000,23,24,0,0,0,0,0,0,25000000,25
923,5000,23,25,0,0,0,0,0,0,25000000,25
924,5000,23,26,0,0,0,0,0,0,25000000,25
925,5000,23,27,0,0,0,0,0,0,25000000,25
926,5000,23,28,0,0,0,0,0,0,25000000,25
927,5000,23,29,0,0,0,0,0,0,25000000,25
928,5000,23,30,0,0,0,0,0,0,25000000,25
929,5000,23,31,0,0,0,0,0,0,25000000,25
930,5000,23,32,0,0,0,0,0,0,25000000,25
931,5000,23,33,0,0,0,0,0,0,25000000,25
932,5000,23,34,0,0,0,0,0,0,25000000,25
933,5000,23,35,0,0,0,0,0,0,25000000,25
934,5000,23,36,0,0,0,0,0,0,25000000,25
935,5000,23,37,0,0,0,0,0,0,25000000,25
936,5000,23,38,0,0,0,0,0,0,25000000,25
937,5000,24,0,0,0,0,0,0,0,25000000,25
938,5000,24,1,0,0,0,0,0,0,25000000,25
939,5000,24,2,0,0,0,0,0,0,25000000,25
940,5000,24,3,25,0,0,0,0,0,25000000,25
941,5000,24,4,50,0,0,0,0,0,25000000,25
942,5000,24,5,25,50,0,7.835,25.55,0,25000000,25
943,5000,24,6,25,25,0,2.9,47.205,0,25000000,25
944,5000,24,7,50,25,0,4.405,46.085,0,25000000,25
945,5000,24,8,100,75,0.005,0.395,38.745,0,25000000,25
946,5000,24,9,100,0,3.95,0,16.325,0,25000000,25
947,5000,24,10,0,0,0.05,0,0,0,25000000,25
948,5000,24,11,0,0,0,0,0,0,25000000,25
949,5000,24,12,0,0,0,0,0,0,25000000,25
950,5000,24,13,0,0,7.485,0,0,0,25000000,25
951,5000,24,14,0,0,6.32,0,0,0,25000000,25
952,5000,24,15,0,0,0.835,0,0,0,25000000,25
953,5000,24,16,0,0,0.59,0,0,0,25000000,25
954,5000,24,17,0,0,2.41,0,1.66,0,25000000,25
955,5000,24,18,0,0,0,0,0,0,25000000,25
956,5000,24,19,0,0,0,0,0,0,25000000,25
957,5000,24,20,0,0,0,0,0,0,25000000,25
958,5000,24,21,0,0,0,0,0,0,25000000,25
959,5000,24,22,0,0,0,0,0,0,25000000,25
960,5000,24,23,0,0,0,0,0,0,25000000,25
961,5000,24,24,0,0,0,0,0,0,25000000,25
962,5000,24,25,0,0,0,0,0,0,25000000,25
963,5000,24,26,0,0,0,0,0,0,25000000,25
964,5000,24,27,0,0,0,0,0,0,25000000,25
965,5000,24,28,0,0,0,0,0,0,25000000,25
966,5000,24,29,0,0,0,0,0,0,25000000,25
967,5000,24,30,0,0,0,0,0,0,25000000,25
968,5000,24,31,0,0,0,0,0,0,25000000,25
969,5000,24,32,0,0,0,0,0,0,25000000,25
970,5000,24,33,0,0,0,0,0,0,25000000,25
971,5000,24,34,0,0,0,0,0,0,25000000,25
972,5000,24,35,0,0,0,0,0,0,25000000,25
973,5000,24,36,0,0,0,0,0,0,25000000,25
974,5000,24,37,0,0,0,0,0,0,25000000,25
975,5000,24,38,0,0,0,0,0,0,25000000,25
976,5000,25,0,0,0,0,0,0,0,25000000,25
977,5000,25,1,0,0,0,0,0,0,25000000,25
978,5000,25,2,0,0,0,0,0,0,25000000,25
979,5000,25,3,50,0,0,0,0,0,25000000,25
980,5000,25,4,75,0,0,1.17,0,0,25000000,25
981,5000,25,5,100,50,0,10.07,27.64,0,25000000,25
982,5000,25,6,100,50,0,2.32,48.28,0,25000000,25
983,5000,25,7,50,50,0,2.52,47.495,0,25000000,25
984,5000,25,8,0,0,2.955,0,3.465,0,25000000,25
985,5000,25,9,75,25,9.095,0,0,0,25000000,25
986,5000,25,10,0,0,0,0,0,0,25000000,25
987,5000,25,11,0,0,0,0,0,0,25000000,25
988,5000,25,12,0,0,3.395,0,0,0,25000000,25
989,5000,25,13,0,0,5.7,0,0,0,25000000,25
990,5000,25,14,0,0,6.54,0,0,0,25000000,25
991,5000,25,15,0,0,0,0,0,0,25000000,25
992,5000,25,16,0,0,4.65,0,0,0,25000000,25
993,5000,25,17,0,0,0,0,0,0,25000000,25
994,5000,25,18,0,0,0,0,0,0,25000000,25
995,5000,25,19,0,0,0,0,0,0,25000000,25
996,5000,25,20,0,0,0,0,0,0,25000000,25
997,5000,25,21,0,0,0,0,0,0,25000000,25
998,5000,25,22,0,0,0,0,0,0,25000000,25
999,5000,25,23,0,0,0,0,0,0,25000000,25
1000,5000,25,24,0,0,0,0,0,0,25000000,25
1001,5000,25,25,0,0,0,0,0,0,25000000,25
1002,5000,25,26,0,0,0,0,0,0,25000000,25
1003,5000,25,27,0,0,0,0,0,0,25000000,25
1004,5000,25,28,0,0,0,0,0,0,25000000,25
1005,5000,25,29,0,0,0,0,0,0,25000000,25
1006,5000,25,30,0,0,0,0,0,0,25000000,25
1007,5000,25,31,0,0,0,0,0,0,25000000,25
1008,5000,25,32,0,0,0,0,0,0,25000000,25
1009,5000,25,33,0,0,0,0,0,0,25000000,25
1010,5000,25,34,0,0,0,0,0,0,25000000,25
1011,5000,25,35,0,0,0,0,0,0,25000000,25
1012,5000,25,36,0,0,0,0,0,0,25000000,25
1013,5000,25,37,0,0,0,0,0,0,25000000,25
1014,5000,25,38,0,0,0,0,0,0,25000000,25
1015,5000,26,0,0,0,0,0,0,0,25000000,25
1016,5000,26,1,0,0,0,0,0,0,25000000,25
1017,5000,26,2,0,0,0,0,0,0,25000000,25
1018,5000,26,3,75,0,0,0,0,0,25000000,25
1019,5000,26,4,100,50,0,2.01,22.845,0,25000000,25
1020,5000,26,5,100,50,0,0.72,47.34,0,25000000,25
1021,5000,26,6,0,0,0,0,50,0,25000000,25
1022,5000,26,7,0,0,0,0,38.74,0,25000000,25
1023,5000,26,8,0,0,0,0,0.155,0,25000000,25
1024,5000,26,9,0,0,0,0,0,0,25000000,25
1025,5000,26,10,0,0,0,0,0,0,25000000,25
1026,5000,26,11,0,0,0,0,0,0,25000000,25
1027,5000,26,12,0,0,0,0,0,0,25000000,25
1028,5000,26,13,0,0,3.25,0,0,0,25000000,25
1029,5000,26,14,0,0,5.91,0,0,0,25000000,25
1030,5000,26,15,25,25,19.855,0,0,0,25000000,25
1031,5000,26,16,0,0,3.03,0,0,0,25000000,25
1032,5000,26,17,0,0,0,0,0,0,25000000,25
1033,5000,26,18,0,0,0,0,0,0,25000000,25
1034,5000,26,19,0,0,0,0,0,0,25000000,25
1035,5000,26,20,0,0,0,0,0,0,25000000,25
1036,5000,26,21,0,0,0,0,0,0,25000000,25
1037,5000,26,22,0,0,0,0,0,0,25000000,25
1038,5000,26,23,0,0,0,0,0,0,25000000,25
1039,5000,26,24,0,0,0,0,0,0,25000000,25
1040,5000,26,25,0,0,0,0,0,0,25000000,25
1041,5000,26,26,0,0,0,0,0,0,25000000,25
1042,5000,26,27,0,0,0,0,0,0,25000000,25
1043,5000,26,28,0,0,0,0,0,0,25000000,25
1044,5000,26,29,0,0,0,0,0,0,25000000,25
1045,5000,26,30,0,0,0,0,0,0,25000000,25
1046,5000,26,31,0,0,0,0,0,0,25000000,25
1047,5000,26,32,0,0,0,0,0,0,25000000,25
1048,5000,26,33,0,0,0,0,0,0,25000000,25
1049,5000,26,34,0,0,0,0,0,0,25000000,25
1050,5000,26,35,0,0,0,0,0,0,25000000,25
1051,5000,26,36,0,0,0,0,0,0,25000000,25
1052,5000,26,37,0,0,0,0,0,0,25000000,25
1053,5000,26,38,0,0,0,0,0,0,25000000,25
1054,5000,27,0,0,0,0,0,0,0,25000000,25
1055,5000,27,1,0,0,0,0,0,0,25000000,25
1056,5000,27,2,75,0,0,1.52,0,0,25000000,25
1057,5000,27,3,100,50,0,1.575,21.79,0,25000000,25
1058,5000,27,4,100,50,0,0.1,43.905,0,25000000,25
1059,5000,27,5,0,0,0,0,40.11,0,25000000,25
1060,5000,27,6,0,0,0,0,32.92,0,25000000,25
1061,5000,27,7,0,0,0,0,2.96,0,25000000,25
1062,5000,27,8,0,0,0,0,0,0,25000000,25
1063,5000,27,9,0,0,0,0,0,0,25000000,25
1064,5000,27,10,0,0,0,0,0,0,25000000,25
1065,5000,27,11,0,0,0,0,0,0,25000000,25
1066,5000,27,12,0,0,0,0,0,0,25000000,25
1067,5000,27,13,0,0,0.525,0,0,0,25000000,25
1068,5000,27,14,0,0,11.75,0,0,0,25000000,25
1069,5000,27,15,0,0,6.025,0,0,0,25000000,25
1070,5000,27,16,0,0,0,0,0,0,25000000,25
1071,5000,27,17,0,0,0,0,0,0,25000000,25
1072,5000,27,18,0,0,0,0,0,0,25000000,25
1073,5000,27,19,0,0,0,0,0,0,25000000,25
1074,5000,27,20,0,0,0,0,0,0,25000000,25
1075,5000,27,21,0,0,0,0,0,0,25000000,25
1076,5000,27,22,0,0,0,0,0,0,25000000,25
1077,5000,27,23,0,0,0,0,0,0,25000000,25
1078,5000,27,24,0,0,0,0,0,0,25000000,25
1079,5000,27,25,0,0,0,0,0,0,25000000,25
1080,5000,27,26,0,0,0,0,0,0,25000000,25
1081,5000,27,27,0,0,0,0,0,0,25000000,25
1082,5000,27,28,0,0,0,0,0,0,25000000,25
1083,5000,27,29,0,0,0,0,0,0,25000000,25
1084,5000,27,30,0,0,0,0,0,0,25000000,25
1085,5000,27,31,0,0,0,0,0,0,25000000,25
1086,5000,27,32,0,0,0,0,0,0,25000000,25
1087,5000,27,33,0,0,0,0,0,0,25000000,25
1088,5000,27,34,0,0,0,0,0,0,25000000,25
1089,5000,27,35,0,0,0,0,0,0,25000000,25
1090,5000,27,36,0,0,0,0,0,0,25000000,25
1091,5000,27,37,0,0,0,0,0,0,25000000,25
1092,5000,27,38,0,0,0,0,0,0,25000000,25
1093,5000,28,0,50,0,0,1.215,0,0,25000000,25
1094,5000,28,1,100,50,0,0.01,0.02,0,25000000,25
1095,5000,28,2,100,50,0,0.89,13.49,0,25000000,25
1096,5000,28,3,100,50,0,0.32,44.865,0,25000000,25
1097,5000,28,4,0,0,0,0,2.78,0,25000000,25
1098,5000,28,5,0,0,0,0,0.135,0,25000000,25
1099,5000,28,6,0,0,0,0,0.165,0,25000000,25
1100,5000,28,7,0,0,0,0,0,0,25000000,25
1101,5000,28,8,0,0,0,0,0,0,25000000,25
1102,5000,28,9,0,0,0,0,0,0,25000000,25
1103,5000,28,10,0,0,0,0,0,0,25000000,25
1104,5000,28,11,0,0,0,0,0,0,25000000,25
1105,5000,28,12,0,0,0,0,0,0,25000000,25
1106,5000,28,13,0,0,0.19,0,0,0,25000000,25
1107,5000,28,14,0,0,0.58,0,0,0,25000000,25
1108,5000,28,15,0,0,0,0,0,0,25000000,25
1109,5000,28,16,0,0,0,0,0,0,25000000,25
1110,5000,28,17,0,0,0,0,0,0,25000000,25
1111,5000,28,18,0,0,0,0,0,0,25000000,25
1112,5000,28,19,0,0,0,0,0,0,25000000,25
1113,5000,28,20,0,0,0,0,0,0,25000000,25
1114,5000,28,21,0,0,0,0,0,0,25000000,25
1115,5000,28,22,0,0,0,0,0,0,25000000,25
1116,5000,28,23,0,0,0,0,0,0,25000000,25
1117,5000,28,24,0,0,0,0,0,0,25000000,25
1118,5000,28,25,0,0,0,0,0,0,25000000,25
1119,5000,28,26,0,0,0,0,0,0,25000000,25
1120,5000,28,27,0,0,0,0,0,0,25000000,25
1121,5000,28,28,0,0,0,0,0,0,25000000,25
1122,5000,28,29,0,0,0,0,0,0,25000000,25
1123,5000,28,30,0,0,0,0,0,0,25000000,25
1124,5000,28,31,0,0,0,0,0,0,25000000,25
1125,5000,28,32,0,0,0,0,0,0,25000000,25
1126,5000,28,33,0,0,0,0,0,0,25000000,25
1127,5000,28,34,0,0,0,0,0,0,25000000,25
1128,5000,28,35,0,0,0,0,0,0,25000000,25
1129,5000,28,36,0,0,0,0,0,0,25000000,25
1130,5000,28,37,0,0,0,0,0,0,25000000,25
1131,5000,28,38,0,0,0,0,0,0,25000000,25
1132,5000,29,0,50,0,0,3.11,0,0,25000000,25
1133,5000,29,1,100,50,0,1.095,25.88,0,25000000,25
1134,5000,29,2,0,0,0,0,46.105,0,25000000,25
1135,5000,29,3,0,0,0,0,23.97,0,25000000,25
1136,5000,29,4,0,0,0,0,0,0,25000000,25
1137,5000,29,5,0,0,0,0,0,0,25000000,25
1138,5000,29,6,0,0,0,0,0,0,25000000,25
1139,5000,29,7,0,0,0,0,0,0,25000000,25
1140,5000,29,8,0,0,0,0,0,0,25000000,25
1141,5000,29,9,0,0,0,0,0,0,25000000,25
1142,5000,29,10,0,0,0,0,0,0,25000000,25
1143,5000,29,11,0,0,0,0,0,0,25000000,25
1144,5000,29,12,0,0,0,0,0,0,25000000,25
1145,5000,29,13,0,0,0,0,0,0,25000000,25
1146,5000,29,14,0,0,0,0,0,0,25000000,25
1147,5000,29,15,0,0,0,0,0,0,25000000,25
1148,5000,29,16,0,0,0,0,0,0,25000000,25
1149,5000,29,17,0,0,0,0,0,0,25000000,25
1150,5000,29,18,0,0,0,0,0,0,25000000,25
1151,5000,29,19,0,0,0,0,0,0,25000000,25
1152,5000,29,20,0,0,0,0,0,0,25000000,25
1153,5000,29,21,0,0,0,0,0,0,25000000,25
1154,5000,29,22,0,0,0,0,0,0,25000000,25
1155,5000,29,23,0,0,0,0,0,0,25000000,25
1156,5000,29,24,0,0,0,0,0,0,25000000,25
1157,5000,29,25,0,0,0,0,0,0,25000000,25
1158,5000,29,26,0,0,0,0,0,0,25000000,25
1159,5000,29,27,0,0,0,0,0,0,25000000,25
1160,5000,29,28,0,0,0,0,0,0,25000000,25
1161,5000,29,29,0,0,0,0,0,0,25000000,25
1162,5000,29,30,0,0,0,0,0,0,25000000,25
1163,5000,29,31,0,0,0,0,0,0,25000000,25
1164,5000,29,32,0,0,0,0,0,0,25000000,25
1165,5000,29,33,0,0,0,0,0,0,25000000,25
1166,5000,29,34,0,0,0,0,0,0,25000000,25
1167,5000,29,35,0,0,0,0,0,0,25000000,25
1168,5000,29,36,0,0,0,0,0,0,25000000,25
1169,5000,29,37,0,0,0,0,0,0,25000000,25
1170,5000,29,38,0,0,0,0,0,0,25000000,25
1171,5000,30,0,75,0,0,0.03,0,0,25000000,25
1172,5000,30,1,100,50,0,1.315,24.41,0,25000000,25
1173,5000,30,2,0,0,0,0,44.64,0,25000000,25
1174,5000,30,3,0,0,0,0,4.545,0,25000000,25
1175,5000,30,4,0,0,0,0,0,0,25000000,25
1176,5000,30,5,0,0,0,0,0,0,25000000,25
1177,5000,30,6,0,0,0,0,0,0,25000000,25
1178,5000,30,7,0,0,0,0,0,0,25000000,25
1179,5000,30,8,0,0,0,0,0,0,25000000,25
1180,5000,30,9,0,0,0,0,0,0,25000000,25
1181,5000,30,10,0,0,0,0,0,0,25000000,25
1182,5000,30,11,0,0,0,0,0,0,25000000,25
1183,5000,30,12,0,0,0,0,0,0,25000000,25
1184,5000,30,13,0,0,0,0,0,0,25000000,25
1185,5000,30,14,0,0,0,0,0,0,25000000,25
1186,5000,30,15,0,0,0,0,0,0,25000000,25
1187,5000,30,16,0,0,0,0,0,0,25000000,25
1188,5000,30,17,0,0,0,0,0,0,25000000,25
1189,5000,30,18,0,0,0,0,0,0,25000000,25
1190,5000,30,19,0,0,0,0,0,0,25000000,25
1191,5000,30,20,0,0,0,0,0,0,25000000,25
1192,5000,30,21,0,0,0,0,0,0,25000000,25
1193,5000,30,22,0,0,0,0,0,0,25000000,25
1194,5000,30,23,0,0,0,0,0,0,25000000,25
1195,5000,30,24,0,0,0,0,0,0,25000000,25
1196,5000,30,25,0,0,0,0,0,0,25000000,25
1197,5000,30,26,0,0,0,0,0,0,25000000,25
1198,5000,30,27,0,0,0,0,0,0,25000000,25
1199,5000,30,28,0,0,0,0,0,0,25000000,25
1200,5000,30,29,0,0,0,0,0,0,25000000,25
1201,5000,30,30,0,0,0,0,0,0,25000000,25
1202,5000,30,31,0,0,0,0,0,0,25000000,25
1203,5000,30,32,0,0,0,0,0,0,25000000,25
1204,5000,30,33,0,0,0,0,0,0,25000000,25
1205,5000,30,34,0,0,0,0,0,0,25000000,25
1206,5000,30,35,0,0,0,0,0,0,25000000,25
1207,5000,30,36,0,0,0,0,0,0,25000000,25
1208,5000,30,37,0,0,0,0,0,0,25000000,25
1209,5000,30,38,0,0,0,0,0,0,25000000,25
1210,5000,31,0,75,0,0,0,0,0,25000000,25
1211,5000,31,1,100,50,0,0.04,4.44,0,25000000,25
1212,5000,31,2,0,0,0,0,2.2,0,25000000,25
1213,5000,31,3,0,0,0,0,0,0,25000000,25
1214,5000,31,4,0,0,0,0,0,0,25000000,25
1215,5000,31,5,0,0,0,0,0,0,25000000,25
1216,5000,31,6,0,0,0,0,0,0,25000000,25
1217,5000,31,7,0,0,0,0,0,0,25000000,25
1218,5000,31,8,0,0,0,0,0,0,25000000,25
1219,5000,31,9,0,0,0,0,0,0,25000000,25
1220,5000,31,10,0,0,0,0,0,0,25000000,25
1221,5000,31,11,0,0,0,0,0,0,25000000,25
1222,5000,31,12,0,0,0,0,0,0,25000000,25
1223,5000,31,13,0,0,0,0,0,0,25000000,25
1224,5000,31,14,0,0,0,0,0,0,25000000,25
1225,5000,31,15,0,0,0,0,0,0,25000000,25
1226,5000,31,16,0,0,0,0,0,0,25000000,25
1227,5000,31,17,0,0,0,0,0,0,25000000,25
1228,5000,31,18,0,0,0,0,0,0,25000000,25
1229,5000,31,19,0,0,0,0,0,0,25000000,25
1230,5000,31,20,0,0,0,0,0,0,25000000,25
1231,5000,31,21,0,0,0,0,0,0,25000000,25
1232,5000,31,22,0,0,0,0,0,0,25000000,25
1233,5000,31,23,0,0,0,0,0,0,25000000,25
1234,5000,31,24,0,0,0,0,0,0,25000000,25
1235,5000,31,25,0,0,0,0,0,0,25000000,25
1236,5000,31,26,0,0,0,0,0,0,25000000,25
1237,5000,31,27,0,0,0,0,0,0,25000000,25
1238,5000,31,28,0,0,0,0,0,0,25000000,25
1239,5000,31,29,0,0,0,0,0,0,25000000,25
1240,5000,31,30,0,0,0,0,0,0,25000000,25
1241,5000,31,31,0,0,0,0,0,0,25000000,25
1242,5000,31,32,0,0,0,0,0,0,25000000,25
1243,5000,31,33,0,0,0,0,0,0,25000000,25
1244,5000,31,34,0,0,0,0,0,0,25000000,25
1245,5000,31,35,0,0,0,0,0,0,25000000,25
1246,5000,31,36,0,0,0,0,0,0,25000000,25
1247,5000,31,37,0,0,0,0,0,0,25000000,25
1248,5000,31,38,0,0,0,0,0,0,25000000,25
1249,5000,32,0,0,0,0,0,0,0,25000000,25
1250,5000,32,1,0,0,0,0,0,0,25000000,25
1251,5000,32,2,0,0,0,0,0,0,25000000,25
1252,5000,32,3,0,0,0,0,0,0,25000000,25
1253,5000,32,4,0,0,0,0,0,0,25000000,25
1254,5000,32,5,0,0,0,0,0,0,25000000,25
1255,5000,32,6,0,0,0,0,0,0,25000000,25
1256,5000,32,7,0,0,0,0,0,0,25000000,25
1257,5000,32,8,0,0,0,0,0,0,25000000,25
1258,5000,32,9,0,0,0,0,0,0,25000000,25
1259,5000,32,10,0,0,0,0,0,0,25000000,25
1260,5000,32,11,0,0,0,0,0,0,25000000,25
1261,5000,32,12,0,0,0,0,0,0,25000000,25
1262,5000,32,13,0,0,0,0,0,0,25000000,25
1263,5000,32,14,0,0,0,0,0,0,25000000,25
1264,5000,32,15,0,0,0,0,0,0,25000000,25
1265,5000,32,16,0,0,0,0,0,0,25000000,25
1266,5000,32,17,0,0,0,0,0,0,25000000,25
1267,5000,32,18,0,0,0,0,0,0,25000000,25
1268,5000,32,19,0,0,0,0,0,0,25000000,25
1269,5000,32,20,0,0,0,0,0,0,25000000,25
1270,5000,32,21,0,0,0,0,0,0,25000000,25
1271,5000,32,22,0,0,0,0,0,0,25000000,25
1272,5000,32,23,0,0,0,0,0,0,25000000,25
1273,5000,32,24,0,0,0,0,0,0,25000000,25
1274,5000,32,25,0,0,0,0,0,0,25000000,25
1275,5000,32,26,0,0,0,0,0,0,25000000,25
1276,5000,32,27,0,0,0,0,0,0,25000000,25
1277,5000,32,28,0,0,0,0,0,0,25000000,25
1278,5000,32,29,0,0,0,0,0,0,25000000,25
1279,5000,32,30,0,0,0,0,0,0,25000000,25
1280,5000,32,31,0,0,0,0,0,0,25000000,25
1281,5000,32,32,0,0,0,0,0,0,25000000,25
1282,5000,32,33,0,0,0,0,0,0,25000000,25
1283,5000,32,34,0,0,0,0,0,0,25000000,25
1284,5000,32,35,0,0,0,0,0,0,25000000,25
1285,5000,32,36,0,0,0,0,0,0,25000000,25
1286,5000,32,37,0,0,0,0,0,0,25000000,25
1287,5000,32,38,0,0,0,0,0,0,25000000,25
1288,5000,33,0,0,0,0,0,0,0,25000000,25
1289,5000,33,1,0,0,0,0,0,0,25000000,25
1290,5000,33,2,0,0,0,0,0,0,25000000,25
1291,5000,33,3,0,0,0,0,0,0,25000000,25
1292,5000,33,4,0,0,0,0,0,0,25000000,25
1293,5000,33,5,0,0,0,0,0,0,25000000,25
1294,5000,33,6,0,0,0,0,0,0,25000000,25
1295,5000,33,7,0,0,0,0,0,0,25000000,25
1296,5000,33,8,0,0,0,0,0,0,25000000,25
1297,5000,33,9,0,0,0,0,0,0,25000000,25
1298,5000,33,10,0,0,0,0,0,0,25000000,25
1299,5000,33,11,0,0,0,0,0,0,25000000,25
1300,5000,33,12,0,0,0,0,0,0,25000000,25
1301,5000,33,13,0,0,0,0,0,0,25000000,25
1302,5000,33,14,0,0,0,0,0,0,25000000,25
1303,5000,33,15,0,0,0,0,0,0,25000000,25
1304,5000,33,16,0,0,0,0,0,0,25000000,25
1305,5000,33,17,0,0,0,0,0,0,25000000,25
1306,5000,33,18,0,0,0,0,0,0,25000000,25
1307,5000,33,19,0,0,0,0,0,0,25000000,25
1308,5000,33,20,0,0,0,0,0,0,25000000,25
1309,5000,33,21,0,0,0,0,0,0,25000000,25
1310,5000,33,22,0,0,0,0,0,0,25000000,25
1311,5000,33,23,0,0,0,0,0,0,25000000,25
1312,5000,33,24,0,0,0,0,0,0,25000000,25
1313,5000,33,25,0,0,0,0,0,0,25000000,25
1314,5000,33,26,0,0,0,0,0,0,25000000,25
1315,5000,33,27,0,0,0,0,0,0,25000000,25
1316,5000,33,28,0,0,0,0,0,0,25000000,25
1317,5000,33,29,0,0,0,0,0,0,25000000,25
1318,5000,33,30,0,0,0,0,0,0,25000000,25
1319,5000,33,31,0,0,0,0,0,0,25000000,25
1320,5000,33,32,0,0,0,0,0,0,25000000,25
1321,5000,33,33,0,0,0,0,0,0,25000000,25
1322,5000,33,34,0,0,0,0,0,0,25000000,25
1323,5000,33,35,0,0,0,0,0,0,25000000,25
1324,5000,33,36,0,0,0,0,0,0,25000000,25
1325,5000,33,37,0,0,0,0,0,0,25000000,25
1326,5000,33,38,0,0,0,0,0,0,25000000,25
1327,5000,34,0,0,0,0,0,0,0,25000000,25
1328,5000,34,1,0,0,0,0,0,0,25000000,25
1329,5000,34,2,0,0,0,0,0,0,25000000,25
1330,5000,34,3,0,0,0,0,0,0,25000000,25
1331,5000,34,4,0,0,0,0,0,0,25000000,25
1332,5000,34,5,0,0,0,0,0,0,25000000,25
1333,5000,34,6,0,0,0,0,0,0,25000000,25
1334,5000,34,7,0,0,0,0,0,0,25000000,25
1335,5000,34,8,0,0,0,0,0,0,25000000,25
1336,5000,34,9,0,0,0,0,0,0,25000000,25
1337,5000,34,10,0,0,0,0,0,0,25000000,25
1338,5000,34,11,0,0,0,0,0,0,25000000,25
1339,5000,34,12,0,0,0,0,0,0,25000000,25
1340,5000,34,13,0,0,0,0,0,0,25000000,25
1341,5000,34,14,0,0,0,0,0,0,25000000,25
1342,5000,34,15,0,0,0,0,0,0,25000000,25
1343,5000,34,16,0,0,0,0,0,0,25000000,25
1344,5000,34,17,0,0,0,0,0,0,25000000,25
1345,5000,34,18,0,0,0,0,0,0,25000000,25
1346,5000,34,19,0,0,0,0,0,0,25000000,25
1347,5000,34,20,0,0,0,0,0,0,25000000,25
1348,5000,34,21,0,0,0,0,0,0,25000000,25
1349,5000,34,22,0,0,0,0,0,0,25000000,25
1350,5000,34,23,0,0,0,0,0,0,25000000,25
1351,5000,34,24,0,0,0,0,0,0,25000000,25
1352,5000,34,25,0,0,0,0,0,0,25000000,25
1353,5000,34,26,0,0,0,0,0,0,25000000,25
1354,5000,34,27,0,0,0,0,0,0,25000000,25
1355,5000,34,28,0,0,0,0,0,0,25000000,25
1356,5000,34,29,0,0,0,0,0,0,25000000,25
1357,5000,34,30,0,0,0,0,0,0,25000000,25
1358,5000,34,31,0,0,0,0,0,0,25000000,25
1359,5000,34,32,0,0,0,0,0,0,25000000,25
1360,5000,34,33,0,0,0,0,0,0,25000000,25
1361,5000,34,34,0,0,0,0,0,0,25000000,25
1362,5000,34,35,0,0,0,0,0,0,25000000,25
1363,5000,34,36,0,0,0,0,0,0,25000000,25
1364,5000,34,37,0,0,0,0,0,0,25000000,25
1365,5000,34,38,0,0,0,0,0,0,25000000,25
1366,5000,35,0,0,0,0,0,0,0,25000000,25
1367,5000,35,1,0,0,0,0,0,0,25000000,25
1368,5000,35,2,0,0,0,0,0,0,25000000,25
1369,5000,35,3,0,0,0,0,0,0,25000000,25
1370,5000,35,4,0,0,0,0,0,0,25000000,25
1371,5000,35,5,0,0,0,0,0,0,25000000,25
1372,5000,35,6,0,0,0,0,0,0,25000000,25
1373,5000,35,7,0,0,0,0,0,0,25000000,25
1374,5000,35,8,0,0,0,0,0,0,25000000,25
1375,5000,35,9,0,0,0,0,0,0,25000000,25
1376,5000,35,10,0,0,0,0,0,0,25000000,25
1377,5000,35,11,0,0,0,0,0,0,25000000,25
1378,5000,35,12,0,0,0,0,0,0,25000000,25
1379,5000,35,13,0,0,0,0,0,0,25000000,25
1380,5000,35,14,0,0,0,0,0,0,25000000,25
1381,5000,35,15,0,0,0,0,0,0,25000000,25
1382,5000,35,16,0,0,0,0,0,0,25000000,25
1383,5000,35,17,0,0,0,0,0,0,25000000,25
1384,5000,35,18,0,0,0,0,0,0,25000000,25
1385,5000,35,19,0,0,0,0,0,0,25000000,25
1386,5000,35,20,0,0,0,0,0,0,25000000,25
1387,5000,35,21,0,0,0,0,0,0,25000000,25
1388,5000,35,22,0,0,0,0,0,0,25000000,25
1389,5000,35,23,0,0,0,0,0,0,25000000,25
1390,5000,35,24,0,0,0,0,0,0,25000000,25
1391,5000,35,25,0,0,0,0,0,0,25000000,25
1392,5000,35,26,0,0,0,0,0,0,25000000,25
1393,5000,35,27,0,0,0,0,0,0,25000000,25
1394,5000,35,28,0,0,0,0,0,0,25000000,25
1395,5000,35,29,0,0,0,0,0,0,25000000,25
1396,5000,35,30,0,0,0,0,0,0,25000000,25
1397,5000,35,31,0,0,0,0,0,0,25000000,25
1398,5000,35,32,0,0,0,0,0,0,25000000,25
1399,5000,35,33,0,0,0,0,0,0,25000000,25
1400,5000,35,34,0,0,0,0,0,0,25000000,25
1401,5000,35,35,0,0,0,0,0,0,25000000,25
1402,5000,35,36,0,0,0,0,0,0,25000000,25
1403,5000,35,37,0,0,0,0,0,0,25000000,25
1404,5000,35,38,0,0,0,0,0,0,25000000,25
1405,5000,36,0,0,0,0,0,0,0,25000000,25
1406,5000,36,1,0,0,0,0,0,0,25000000,25
1407,5000,36,2,0,0,0,0,0,0,25000000,25
1408,5000,36,3,0,0,0,0,0,0,25000000,25
1409,5000,36,4,0,0,0,0,0,0,25000000,25
1410,5000,36,5,0,0,0,0,0,0,25000000,25
1411,5000,36,6,0,0,0,0,0,0,25000000,25
1412,5000,36,7,0,0,0,0,0,0,25000000,25
1413,5000,36,8,0,0,0,0,0,0,25000000,25
1414,5000,36,9,0,0,0,0,0,0,25000000,25
1415,5000,36,10,0,0,0,0,0,0,25000000,25
1416,5000,36,11,0,0,0,0,0,0,25000000,25
1417,5000,36,12,0,0,0,0,0,0,25000000,25
1418,5000,36,13,0,0,0,0,0,0,25000000,25
1419,5000,36,14,0,0,0,0,0,0,25000000,25
1420,5000,36,15,0,0,0,0,0,0,25000000,25
1421,5000,36,16,0,0,0,0,0,0,25000000,25
1422,5000,36,17,0,0,0,0,0,0,25000000,25
1423,5000,36,18,0,0,0,0,0,0,25000000,25
1424,5000,36,19,0,0,0,0,0,0,25000000,25
1425,5000,36,20,0,0,0,0,0,0,25000000,25
1426,5000,36,21,0,0,0,0,0,0,25000000,25
1427,5000,36,22,0,0,0,0,0,0,25000000,25
1428,5000,36,23,0,0,0,0,0,0,25000000,25
1429,5000,36,24,0,0,0,0,0,0,25000000,25
1430,5000,36,25,0,0,0,0,0,0,25000000,25
1431,5000,36,26,0,0,0,0,0,0,25000000,25
1432,5000,36,27,0,0,0,0,0,0,25000000,25
1433,5000,36,28,0,0,0,0,0,0,25000000,25
1434,5000,36,29,0,0,0,0,0,0,25000000,25
1435,5000,36,30,0,0,0,0,0,0,25000000,25
1436,5000,36,31,0,0,0,0,0,0,25000000,25
1437,5000,36,32,0,0,0,0,0,0,25000000,25
1438,5000,36,33,0,0,0,0,0,0,25000000,25
1439,5000,36,34,0,0,0,0,0,0,25000000,25
1440,5000,36,35,0,0,0,0,0,0,25000000,25
1441,5000,36,36,0,0,0,0,0,0,25000000,25
1442,5000,36,37,0,0,0,0,0,0,25000000,25
1443,5000,36,38,0,0,0,0,0,0,25000000,25
1444,5000,37,0,0,0,0,0,0,0,25000000,25
1445,5000,37,1,0,0,0,0,0,0,25000000,25
1446,5000,37,2,0,0,0,0,0,0,25000000,25
1447,5000,37,3,0,0,0,0,0,0,25000000,25
1448,5000,37,4,0,0,0,0,0,0,25000000,25
1449,5000,37,5,0,0,0,0,0,0,25000000,25
1450,5000,37,6,0,0,0,0,0,0,25000000,25
1451,5000,37,7,0,0,0,0,0,0,25000000,25
1452,5000,37,8,0,0,0,0,0,0,25000000,25
1453,5000,37,9,0,0,0,0,0,0,25000000,25
1454,5000,37,10,0,0,0,0,0,0,25000000,25
1455,5000,37,11,0,0,0,0,0,0,25000000,25
1456,5000,37,12,0,0,0,0,0,0,25000000,25
1457,5000,37,13,0,0,0,0,0,0,25000000,25
1458,5000,37,14,0,0,0,0,0,0,25000000,25
1459,5000,37,15,0,0,0,0,0,0,25000000,25
1460,5000,37,16,0,0,0,0,0,0,25000000,25
1461,5000,37,17,0,0,0,0,0,0,25000000,25
1462,5000,37,18,0,0,0,0,0,0,25000000,25
1463,5000,37,19,0,0,0,0,0,0,25000000,25
1464,5000,37,20,0,0,0,0,0,0,25000000,25
1465,5000,37,21,0,0,0,0,0,0,25000000,25
1466,5000,37,22,0,0,0,0,0,0,25000000,25
1467,5000,37,23,0,0,0,0,0,0,25000000,25
1468,5000,37,24,0,0,0,0,0,0,25000000,25
1469,5000,37,25,0,0,0,0,0,0,25000000,25
1470,5000,37,26,0,0,0,0,0,0,25000000,25
1471,5000,37,27,0,0,0,0,0,0,25000000,25
1472,5000,37,28,0,0,0,0,0,0,25000000,25
1473,5000,37,29,0,0,0,0,0,0,25000000,25
1474,5000,37,30,0,0,0,0,0,0,25000000,25
1475,5000,37,31,0,0,0,0,0,0,25000000,25
1476,5000,37,32,0,0,0,0,0,0,25000000,25
1477,5000,37,33,0,0,0,0,0,0,25000000,25
1478,5000,37,34,0,0,0,0,0,0,25000000,25
1479,5000,37,35,0,0,0,0,0,0,25000000,25
1480,5000,37,36,0,0,0,0,0,0,25000000,25
1481,5000,37,37,0,0,0,0,0,0,25000000,25
1482,5000,37,38,0,0,0,0,0,0,25000000,25